0	[5, 6, 579, 591, 592, 602, 604, 617, 621, 625, 629, 632, 635, 636, 649, 650, 658, 660, 665, 669, 685, 687, 692, 700, 701, 704, 714, 715, 716, 718, 721, 729, 738, 741, 747, 756, 761, 765, 767, 775, 777, 779, 791, 792, 798, 800, 801, 809, 810, 815, 833, 837, 838, 843, 844, 846, 848, 853, 858, 859, 861, 862, 868, 870, 871, 876, 880, 881, 885, 892, 903, 913, 915, 918, 930, 934, 939, 948, 953, 958, 965, 968, 972, 981, 988, 989, 998]
2	[14, 15, 16, 17, 18, 19, 20]
3	[21, 22, 23, 24, 25, 26, 27]
4	[28, 29, 30, 31, 32, 33, 34, 259, 260, 261, 262, 263, 264, 265]
5	[35, 36, 37, 38, 39, 40, 41, 313, 314, 315, 316, 317, 318, 319, 320]
6	[42, 43, 44, 45, 46, 47, 48, 168, 169, 170, 171, 172, 173, 174]
7	[49, 50, 51, 52, 53, 54, 55]
8	[56, 57, 58, 59, 60, 61, 62, 305, 306, 307, 308, 309, 310, 311, 312]
9	[63, 64, 65, 66, 67, 68, 69]
10	[70, 71, 72, 73, 74, 75, 76]
11	[77, 79, 80, 82]
13	[91, 92, 93, 94, 95, 96, 97]
14	[98, 99, 100, 101, 102, 103, 104]
15	[105, 106, 107, 108, 109, 110, 111, 289, 290, 291, 292, 293, 294, 295, 296]
18	[126, 127, 128, 129, 130, 131, 132]
19	[133, 134, 135, 136, 137, 138, 139]
20	[141, 143, 144, 145]
21	[147, 148, 149, 150, 151, 152, 153]
22	[154, 155, 156, 157, 158, 159, 160]
23	[161, 162, 163, 164, 165, 166, 167]
25	[175, 176, 177, 178, 179, 180, 181, 329, 330, 331, 332, 333, 334, 335, 336]
26	[182, 183, 184, 185, 186, 187, 188]
27	[189, 190, 191, 192, 193, 194, 195]
28	[196, 197, 198, 199, 200, 201, 202]
29	[203, 204, 205, 206, 207, 208, 209]
32	[224, 225, 226, 227, 228, 229, 230]
33	[231, 232, 233, 234, 235, 236, 237]
34	[239, 241, 243, 244]
35	[245, 246, 247, 248, 249, 250, 251]
36	[252, 253, 254, 255, 256, 257, 258]
38	[266, 267, 268, 269, 270, 271, 272, 7, 8, 9, 10, 11, 12, 13, 217, 218, 219, 220, 221, 222, 223]
39	[273, 274, 275, 276, 277, 278, 279, 280]
40	[281, 282, 283, 284, 285, 286, 287, 288]
42	[297, 298, 299, 300, 301, 302, 303, 304]
45	[321, 322, 323, 324, 325, 326, 327, 328]
47	[337, 338, 339, 340, 341, 342, 343, 344]
48	[345, 346, 347, 348, 349, 350, 351, 352]
49	[353, 354, 355, 356, 357, 358, 359, 360, 112, 113, 114, 115, 116, 117, 118]
50	[361, 362, 363, 364, 365, 366, 367, 368, 369, 84, 85, 86, 87, 88, 89, 90]
51	[370, 371, 372, 373, 374, 375, 376, 377, 378]
52	[379, 380, 381, 382, 383, 384, 385, 386, 387]
53	[388, 389, 390, 391, 392, 393, 394, 395, 396]
54	[397, 398, 399, 400, 401, 402, 403, 404, 405, 488, 489, 490, 491, 492, 493, 494, 495, 496, 497, 498, 499, 500, 501]
55	[406, 407, 408, 409, 410, 411, 412, 413, 414]
56	[415, 416, 417, 418, 419, 420, 421, 422, 423]
58	[434, 435, 436, 437, 438, 439, 440, 441, 442, 443]
59	[444, 445, 446, 447, 448, 449, 450, 451, 452, 453, 119, 120, 121, 122, 123, 124, 125]
60	[454, 455, 456, 457, 458, 459, 460, 461, 462, 463]
61	[464, 465, 466, 467, 468, 469, 470, 471, 472, 473, 474, 424, 425, 426, 427, 428, 429, 430, 431, 432, 433]
62	[475, 476, 477, 478, 479, 480, 481, 482, 483, 484, 485, 486, 487]
64	[502, 503, 504, 505, 506, 507, 508, 509, 510, 511, 512, 513, 514, 515, 516, 517, 518, 519, 520]
65	[521, 522, 523, 524, 525, 526, 527, 528, 529, 530, 531, 532, 533, 534, 535, 536, 537, 538, 539, 540, 541, 542, 543, 544, 545, 546, 547, 548, 549, 550, 551, 552, 553, 554, 555, 556, 557, 558, 559, 560, 561, 562, 563, 564, 210, 211, 212, 213, 214, 215, 216]
66	[586, 851, 577, 813, 600, 762, 951, 787, 816, 606, 662, 707, 675, 917, 759, 842, 814, 805, 908, 661, 943, 879, 845, 967, 642, 824, 806, 753, 737, 963, 760, 659, 840, 896, 727, 596, 750, 726, 935, 571, 895, 689, 611, 986, 987, 713, 580, 2, 610, 754, 664, 772, 634, 841, 921, 782, 924, 830, 608, 914, 946, 902, 964, 702, 781, 699, 582, 872, 758, 831, 822, 933, 852, 888, 936, 574, 977, 4, 966, 804, 679, 928, 590, 877, 656, 654, 676, 996, 711, 817]
67	[1, 969, 778, 941, 698, 768, 667, 578, 633, 945, 944, 598, 567, 607, 733, 910, 708, 786, 856, 952, 589, 907, 955, 638, 983, 825, 883, 911, 860, 790, 912, 640, 982, 949, 970, 613, 866, 724, 990, 785, 605, 627, 922, 643, 984, 686, 894, 875, 820, 566, 694, 684, 576, 802, 695, 818, 688, 674, 671, 770, 999, 603, 680, 832, 623, 639, 709, 847, 794, 673, 749, 950, 898, 670, 601, 985, 929, 997, 994, 706, 681, 722, 932, 746, 776, 882, 691, 889, 855, 719, 940, 867, 637]
68	[81, 83, 78]
69	[142, 146, 140]
70	[240, 242, 238]
71	[583, 690, 587, 683, 793, 720, 651, 854, 980, 652, 887, 644, 836, 819, 835, 628, 614, 703, 693, 570, 865, 961, 960, 931, 974, 645, 893, 609, 742, 725, 797, 925, 666, 873, 657, 735, 978, 829, 3, 744, 585, 904, 884, 891, 622, 631, 890, 897, 573, 976, 641, 942, 975, 850, 593, 826, 954, 712, 717, 739, 771, 740, 630, 900, 755, 808, 956, 626, 973, 581, 569, 595, 710, 828, 594, 677, 789, 743, 655, 616, 901, 734, 696, 682, 672, 678, 757, 780, 863, 821, 957, 697, 971, 992, 916, 920, 568, 947, 962, 919, 906, 788, 834, 723, 849, 763, 705, 730, 653, 774, 784, 783, 620, 612, 597, 905, 732, 839, 923, 993, 647, 869, 909, 874, 899, 769, 668, 938, 959, 646, 799, 886, 803, 937, 748, 812, 796, 927, 878, 766, 575, 745, 926, 827, 764, 619, 565, 995, 588, 572, 752, 584, 736, 857, 773, 663, 599, 979, 795, 811, 728, 807, 624, 751, 864, 823, 618, 991, 648, 615, 0, 731]
