0	[5, 6, 579, 591, 592, 602, 604, 617, 621, 625, 629, 632, 635, 636, 649, 650, 658, 660, 665, 669, 685, 687, 692, 700, 701, 704, 714, 715, 716, 718, 721, 729, 738, 741, 747, 756, 761, 765, 767, 775, 777, 779, 791, 792, 798, 800, 801, 809, 810, 815, 833, 837, 838, 843, 844, 846, 848, 853, 858, 859, 861, 862, 868, 870, 871, 876, 880, 881, 885, 892, 903, 913, 915, 918, 930, 934, 939, 948, 953, 958, 965, 968, 972, 981, 988, 989, 998]
1	[7, 8, 9, 10, 11, 12, 13]
2	[14, 15, 16, 17, 18, 19, 20]
3	[21, 22, 23, 24, 25, 26, 27]
4	[28, 29, 30, 31, 32, 33, 34]
5	[35, 36, 37, 38, 39, 40, 41]
6	[42, 43, 44, 45, 46, 47, 48]
7	[49, 50, 51, 52, 53, 54, 55]
8	[56, 57, 58, 59, 60, 61, 62]
9	[63, 64, 65, 66, 67, 68, 69]
10	[70, 71, 72, 73, 74, 75, 76]
11	[77, 78, 79, 80, 81, 82, 83]
12	[84, 85, 86, 87, 88, 89, 90]
13	[91, 92, 93, 94, 95, 96, 97]
14	[98, 99, 100, 101, 102, 103, 104]
15	[105, 106, 107, 108, 109, 110, 111]
16	[112, 113, 114, 115, 116, 117, 118]
17	[119, 120, 121, 122, 123, 124, 125]
18	[126, 127, 128, 129, 130, 131, 132]
19	[133, 134, 135, 136, 137, 138, 139]
20	[140, 141, 142, 143, 144, 145, 146]
21	[147, 148, 149, 150, 151, 152, 153]
22	[154, 155, 156, 157, 158, 159, 160]
23	[161, 162, 163, 164, 165, 166, 167]
24	[168, 169, 170, 171, 172, 173, 174]
25	[175, 176, 177, 178, 179, 180, 181]
26	[182, 183, 184, 185, 186, 187, 188]
27	[189, 190, 191, 192, 193, 194, 195]
28	[196, 197, 198, 199, 200, 201, 202]
29	[203, 204, 205, 206, 207, 208, 209]
30	[210, 211, 212, 213, 214, 215, 216]
31	[217, 218, 219, 220, 221, 222, 223]
32	[224, 225, 226, 227, 228, 229, 230]
33	[231, 232, 233, 234, 235, 236, 237]
34	[238, 239, 240, 241, 242, 243, 244]
35	[245, 246, 247, 248, 249, 250, 251]
36	[252, 253, 254, 255, 256, 257, 258]
37	[259, 260, 261, 262, 263, 264, 265]
38	[266, 267, 268, 269, 270, 271, 272]
39	[273, 274, 275, 276, 277, 278, 279, 280]
40	[281, 282, 283, 284, 285, 286, 287, 288]
41	[289, 290, 291, 292, 293, 294, 295, 296]
42	[297, 298, 299, 300, 301, 302, 303, 304]
43	[305, 306, 307, 308, 309, 310, 311, 312]
44	[313, 314, 315, 316, 317, 318, 319, 320]
45	[321, 322, 323, 324, 325, 326, 327, 328]
46	[329, 330, 331, 332, 333, 334, 335, 336]
47	[337, 338, 339, 340, 341, 342, 343, 344]
48	[345, 346, 347, 348, 349, 350, 351, 352]
49	[353, 354, 355, 356, 357, 358, 359, 360]
50	[361, 362, 363, 364, 365, 366, 367, 368, 369]
51	[370, 371, 372, 373, 374, 375, 376, 377, 378]
52	[379, 380, 381, 382, 383, 384, 385, 386, 387]
53	[388, 389, 390, 391, 392, 393, 394, 395, 396]
54	[397, 398, 399, 400, 401, 402, 403, 404, 405]
55	[406, 407, 408, 409, 410, 411, 412, 413, 414]
56	[415, 416, 417, 418, 419, 420, 421, 422, 423]
57	[424, 425, 426, 427, 428, 429, 430, 431, 432, 433]
58	[434, 435, 436, 437, 438, 439, 440, 441, 442, 443]
59	[444, 445, 446, 447, 448, 449, 450, 451, 452, 453]
60	[454, 455, 456, 457, 458, 459, 460, 461, 462, 463]
61	[464, 465, 466, 467, 468, 469, 470, 471, 472, 473, 474]
62	[475, 476, 477, 478, 479, 480, 481, 482, 483, 484, 485, 486, 487]
63	[488, 489, 490, 491, 492, 493, 494, 495, 496, 497, 498, 499, 500, 501]
64	[502, 503, 504, 505, 506, 507, 508, 509, 510, 511, 512, 513, 514, 515, 516, 517, 518, 519, 520]
65	[521, 522, 523, 524, 525, 526, 527, 528, 529, 530, 531, 532, 533, 534, 535, 536, 537, 538, 539, 540, 541, 542, 543, 544, 545, 546, 547, 548, 549, 550, 551, 552, 553, 554, 555, 556, 557, 558, 559, 560, 561, 562, 563, 564]
66	[586, 851, 897, 577, 813, 628, 733, 600, 768, 864, 710, 909, 565, 762, 951, 681, 722, 648, 639, 836, 566, 818, 787, 690, 873, 978, 816, 743, 969, 640, 973, 795, 674, 606, 776, 860, 970, 657, 637, 874, 633, 662, 855, 677, 731, 847, 668, 707, 802, 675, 597, 917, 759, 728, 926, 678, 842, 900, 980, 994, 814, 807, 962, 630, 805, 626, 908, 825, 693, 661, 943, 730, 937, 793, 879, 942, 845, 866, 967, 790, 719, 642, 638, 569, 739, 824, 947, 705, 878, 891, 672, 732, 835, 806, 572, 753, 737, 644, 990, 963, 760, 904, 724, 659, 840, 896, 570, 949, 920, 786, 839, 766, 727, 623, 596, 750, 784, 691, 688, 684, 983, 726, 774, 935, 666, 571, 619, 763, 605, 624, 993, 957, 895, 755, 598, 607, 689, 611, 986, 595, 581, 889, 829, 826, 613, 987, 910, 764, 863, 703, 820, 618, 713, 594, 708, 869, 794, 975, 651, 620, 952, 622, 580, 907, 812, 808, 927, 709, 742, 898, 2, 785, 695, 923, 875, 610, 754, 752, 922, 664, 588, 772, 799, 634, 627, 811, 960, 832, 746, 567, 601, 991, 841, 921, 616, 803, 652, 782, 950, 857, 573, 653, 821, 865, 757, 979, 712, 603, 773, 593, 924, 925, 615, 797, 830, 698, 645, 945, 670, 608, 956, 686, 914, 583, 946, 769, 902, 706, 982, 823, 964, 882, 702, 781, 699, 609, 893, 614, 575, 723, 961, 578, 748, 850, 582, 890, 872, 0, 985, 612, 992, 941, 646, 778, 758, 827, 971, 771, 831, 929, 745, 643, 780, 568, 976, 720, 954, 997, 680, 822, 736, 933, 673, 931, 694, 796, 852, 655, 3, 788, 916, 828, 888, 585, 936, 574, 717, 955, 977, 894, 4, 734, 740, 682, 576, 735, 966, 906, 725, 856, 819, 854, 696, 683, 647, 867, 804, 984, 751, 589, 899, 789, 1, 940, 849, 749, 679, 959, 631, 928, 641, 671, 887, 883, 783, 599, 667, 590, 919, 877, 944, 656, 995, 770, 654, 901, 905, 676, 999, 834, 884, 911, 886, 697, 938, 912, 974, 996, 587, 711, 663, 817, 584, 932, 744]
