0	757
0	2
0	919
0	691
0	832
1	722
1	932
1	751
1	945
1	952
1	898
1	947
2	875
2	820
2	879
2	857
2	588
3	912
3	884
3	794
3	796
3	722
3	757
3	678
3	386
4	954
4	683
4	755
4	616
4	820
4	840
4	823
4	822
5	930
5	604
5	685
5	833
5	632
5	426
5	965
6	756
6	665
6	792
6	761
6	892
6	913
6	297
7	505
7	10
8	13
8	116
8	814
8	399
9	421
10	12
11	199
11	867
12	289
13	386
14	20
15	18
15	16
15	342
16	20
17	234
17	152
18	19
18	550
19	327
19	133
21	318
22	23
22	609
23	27
24	487
25	483
25	416
26	44
26	568
27	422
27	625
27	615
28	31
28	34
29	32
30	89
30	33
30	211
31	223
31	32
32	315
33	775
34	65
35	37
35	36
35	48
35	878
36	38
36	904
37	38
37	232
38	41
38	128
39	99
40	627
41	202
42	371
42	44
42	46
42	426
42	545
43	44
44	45
45	450
46	844
46	633
47	104
47	314
49	54
49	53
50	357
50	145
51	53
51	55
51	240
52	55
52	339
53	192
53	346
54	55
55	262
56	61
56	57
56	311
56	58
56	307
56	310
57	58
57	309
57	989
57	306
57	311
58	62
58	60
58	59
58	311
58	308
59	62
59	305
60	62
60	198
61	62
61	312
61	442
61	307
62	310
63	64
64	111
65	596
66	68
67	155
67	127
67	227
68	162
68	69
68	733
70	442
70	71
70	74
72	74
72	368
73	316
74	281
74	699
75	135
75	875
75	631
76	261
77	469
77	809
78	333
78	81
78	378
79	81
79	80
81	82
81	870
82	83
83	333
84	113
84	85
84	90
84	536
86	88
86	87
86	459
86	861
87	89
89	117
89	982
90	555
91	93
91	92
91	330
91	960
92	385
92	408
92	663
93	97
93	136
93	425
93	742
93	397
94	96
95	344
96	219
96	300
97	234
97	428
98	201
98	874
99	148
99	103
99	959
100	285
100	380
101	104
101	102
101	138
101	475
104	272
104	950
105	436
105	107
105	123
105	891
106	108
106	443
107	665
108	372
108	111
108	487
109	110
109	504
109	719
110	367
110	518
112	277
112	888
113	116
113	899
114	117
114	889
115	149
116	287
116	712
116	554
117	294
117	993
118	282
118	243
119	123
119	122
119	418
120	125
120	302
121	125
121	736
122	854
123	485
123	687
124	127
124	811
125	199
126	127
128	131
128	132
128	532
129	131
129	130
129	414
130	165
130	570
130	780
133	139
133	994
134	194
134	429
135	341
136	381
137	439
137	637
140	141
140	156
141	144
142	244
142	146
143	146
143	455
144	145
144	470
145	151
147	150
147	259
147	728
148	164
148	420
149	422
149	153
149	477
150	151
150	224
150	520
152	505
155	160
155	157
155	159
156	158
157	160
157	675
157	683
158	237
158	884
161	162
161	756
161	829
162	165
162	163
162	164
162	242
163	167
163	818
163	749
163	564
164	166
164	782
166	235
166	246
166	517
166	584
168	174
169	173
169	171
169	174
169	366
170	173
170	439
170	883
171	572
172	512
172	452
173	174
174	781
175	181
175	180
175	451
176	394
176	177
178	179
178	181
179	181
180	929
182	188
182	186
182	894
183	187
183	731
184	188
184	391
185	434
185	256
188	353
188	577
189	192
189	190
191	194
192	195
193	194
194	813
195	923
196	202
196	197
196	201
196	885
197	593
198	199
199	200
199	614
200	203
201	241
203	281
205	207
205	286
205	952
208	472
208	209
210	212
210	527
210	524
210	523
211	560
212	533
212	213
213	535
213	530
213	561
213	526
214	529
214	539
214	546
214	549
215	521
215	527
215	556
215	557
215	552
216	537
216	549
216	528
216	561
217	219
217	220
218	220
219	221
219	797
220	223
221	261
221	394
221	430
222	332
223	263
223	617
224	760
225	229
225	921
226	228
226	229
228	230
229	486
229	925
231	232
231	234
233	235
233	563
236	407
238	244
239	244
239	395
240	244
240	503
243	292
244	857
245	655
246	251
247	249
247	248
248	249
248	274
249	460
250	251
250	876
252	254
253	255
254	255
254	258
255	890
256	846
257	406
258	743
259	264
259	963
259	543
260	262
260	839
260	748
262	265
266	354
266	272
266	764
267	269
268	270
268	690
269	321
270	314
271	313
272	747
272	586
273	277
273	275
275	276
276	716
277	279
277	651
278	478
278	280
279	433
280	598
282	286
282	288
282	608
283	288
283	285
284	288
284	332
284	972
284	705
285	600
290	294
290	295
290	930
291	500
293	295
293	296
295	305
297	300
297	860
298	302
298	843
298	581
298	850
299	440
300	369
300	798
301	304
301	303
301	903
304	358
304	407
305	308
305	311
306	307
306	309
307	310
308	312
309	310
309	312
309	311
309	317
311	312
313	318
313	468
314	476
316	318
316	319
316	922
317	379
318	472
319	770
320	363
321	323
322	328
322	324
322	424
324	597
325	328
325	948
326	328
326	776
327	337
328	380
329	336
329	659
329	976
331	335
332	548
333	334
334	335
337	339
337	344
338	339
338	917
340	342
340	343
343	828
345	350
346	348
347	352
348	643
349	352
349	372
350	352
350	351
353	358
353	730
354	479
354	359
355	357
356	420
357	360
358	801
359	947
360	592
362	366
362	363
363	612
364	365
365	370
367	980
367	537
369	831
370	371
371	373
372	456
374	378
375	406
376	378
378	812
379	381
379	383
379	700
380	787
382	385
382	871
383	387
385	652
385	501
387	479
388	434
389	396
390	392
391	507
392	395
393	394
393	762
395	396
395	981
397	493
397	398
398	488
398	501
399	404
399	405
399	489
399	402
399	492
400	404
400	492
400	490
401	496
401	491
401	495
401	499
402	491
402	493
402	403
402	489
402	490
403	404
403	494
404	495
404	496
404	494
405	491
406	412
408	409
408	411
408	866
408	549
409	410
409	412
411	722
413	414
415	417
415	423
416	419
417	419
418	837
419	458
420	949
421	422
425	432
425	433
427	433
430	431
434	437
435	442
435	436
436	441
436	800
439	778
440	443
442	971
444	447
445	452
445	693
446	453
446	447
446	902
448	449
448	715
449	451
452	998
454	458
454	724
455	463
455	703
455	734
457	462
459	471
461	463
462	463
462	671
464	473
464	466
465	466
465	469
467	472
467	480
468	473
468	474
469	718
471	569
473	926
474	702
478	487
478	483
480	495
481	487
482	486
482	484
487	657
488	493
488	498
489	501
489	491
489	500
490	501
490	495
491	501
491	499
491	492
491	500
492	498
493	500
493	501
493	496
494	499
495	497
495	500
496	500
497	500
498	501
502	504
502	512
504	539
506	514
508	516
509	511
510	520
510	513
510	519
511	513
513	515
515	849
517	836
521	547
521	561
521	529
521	544
521	546
522	544
522	547
522	533
523	534
523	535
523	546
523	562
523	526
523	547
524	554
524	540
524	525
524	538
524	539
525	535
525	540
525	537
525	528
526	540
526	561
526	529
526	542
527	552
527	561
527	562
527	560
527	558
528	546
528	532
528	531
529	543
529	544
529	559
529	547
530	538
530	561
530	542
530	533
530	563
530	556
531	554
531	560
531	544
531	535
531	533
532	545
532	533
532	540
533	541
533	543
533	554
534	553
535	538
536	561
536	541
536	549
537	547
537	548
537	549
537	553
538	561
538	553
539	558
540	553
540	542
541	545
541	562
541	543
542	549
542	559
542	556
542	553
543	551
544	555
544	564
545	559
546	557
546	550
546	559
546	563
546	551
548	551
549	558
549	552
550	557
552	558
552	561
556	560
558	560
559	560
560	562
565	697
565	942
565	957
565	886
565	645
565	896
566	944
566	757
566	696
566	807
566	982
567	726
567	955
567	975
567	682
567	578
567	916
567	575
567	831
567	598
568	578
568	768
568	782
568	994
568	774
568	630
568	638
569	606
569	773
569	788
569	725
569	879
569	727
569	638
569	698
569	783
569	961
570	802
570	867
570	676
570	726
570	711
571	902
571	898
571	994
571	886
571	936
571	971
571	845
571	840
571	656
572	656
572	936
572	818
573	596
573	774
573	766
573	932
573	855
573	647
573	784
574	894
574	842
574	904
574	710
574	651
575	898
575	907
575	768
575	835
575	786
575	760
575	962
575	797
576	691
576	613
576	907
576	654
576	694
576	684
577	717
577	863
577	875
577	661
577	990
577	905
578	641
578	758
578	753
578	799
578	912
578	964
579	665
579	715
579	765
579	635
579	692
579	798
579	880
579	934
579	761
579	981
579	602
580	655
580	733
580	820
580	691
580	613
580	966
580	898
581	672
581	878
581	793
581	651
581	799
582	750
582	806
582	834
582	902
582	610
583	845
583	686
583	899
583	771
583	611
583	672
584	648
584	950
584	938
584	821
584	737
584	781
584	914
585	912
585	935
585	675
585	670
585	920
585	607
585	803
585	923
586	790
586	942
586	693
586	912
586	963
586	899
586	849
586	890
586	924
587	656
587	675
587	732
587	677
587	631
587	841
588	816
588	969
588	678
588	926
589	597
589	997
589	831
589	974
589	785
590	942
590	707
590	683
590	973
590	832
591	930
591	880
591	592
591	765
592	998
592	972
592	721
592	846
592	714
593	904
593	821
593	866
593	856
594	828
594	772
594	725
594	672
594	896
594	755
594	695
594	879
595	980
595	680
595	754
595	805
595	725
595	822
595	624
596	884
596	891
596	916
596	808
596	893
596	970
596	787
596	887
596	895
597	667
597	748
597	970
597	873
597	869
597	820
597	942
597	726
598	944
598	818
598	724
598	737
598	912
598	764
599	608
599	710
599	682
599	768
600	742
600	683
600	705
600	804
600	737
600	614
600	986
601	823
601	789
601	949
601	736
601	784
601	873
601	966
602	939
602	844
602	635
602	838
602	953
602	629
602	868
603	967
603	743
603	909
603	924
603	744
603	811
603	834
604	862
604	767
605	637
605	941
605	731
605	991
605	746
606	996
606	813
606	832
606	874
606	946
607	615
607	907
607	737
607	866
607	706
607	697
608	609
609	727
609	840
609	624
609	896
609	835
609	909
609	869
610	722
610	702
610	769
610	973
610	922
611	709
611	615
611	740
611	727
611	841
612	803
612	974
612	783
612	739
612	618
613	985
613	831
613	808
613	936
613	906
613	857
613	752
614	836
614	908
614	780
615	993
615	817
615	940
615	748
615	872
615	941
615	857
615	877
615	771
616	703
616	883
616	702
617	635
617	918
617	801
617	844
617	861
617	685
618	766
618	782
618	743
618	845
618	982
618	992
619	925
619	820
619	725
620	734
620	820
620	990
620	839
620	878
620	684
621	756
621	843
621	777
621	765
621	953
621	779
621	649
621	791
622	908
622	872
622	919
622	946
622	689
622	990
622	997
622	875
622	817
623	781
623	782
623	764
623	808
623	708
624	977
624	769
624	978
624	776
624	926
624	982
625	741
625	989
625	918
625	953
625	838
625	629
626	847
626	686
626	672
626	826
626	911
626	873
626	673
626	630
627	697
627	830
627	946
627	886
627	857
627	695
627	916
628	956
628	906
628	728
628	962
628	872
628	816
628	723
628	936
629	968
629	913
629	669
629	859
629	792
629	692
629	988
630	646
630	673
630	771
630	834
630	689
630	919
630	950
630	924
630	975
630	793
631	772
631	841
631	751
631	674
631	941
632	846
632	692
632	965
632	810
632	833
632	767
633	651
633	864
633	979
633	641
633	753
633	774
633	654
633	754
633	826
634	764
634	759
634	717
634	847
635	934
635	765
635	868
635	880
635	853
635	658
635	988
636	848
636	779
636	876
636	948
636	721
636	915
637	883
637	973
637	676
637	961
637	964
638	910
638	812
638	995
638	879
638	760
638	888
638	750
638	670
638	657
638	932
638	795
639	954
639	929
639	749
639	644
639	730
639	969
639	666
640	654
640	763
640	834
641	963
641	960
641	829
641	671
641	994
642	929
642	740
642	814
643	763
643	781
643	787
644	654
644	973
644	977
644	713
644	896
645	802
645	646
645	983
645	805
645	667
646	743
646	879
646	921
646	985
646	825
647	762
647	817
647	923
647	849
647	805
647	717
648	938
648	860
648	703
648	668
648	733
648	832
648	824
649	718
649	810
649	892
650	660
650	779
650	704
650	848
650	918
651	993
651	694
652	852
652	867
652	737
652	664
652	823
652	808
653	973
653	996
653	811
653	830
653	925
653	882
653	943
654	867
654	978
654	785
654	783
654	748
655	886
655	782
655	662
656	933
656	932
656	825
656	949
656	735
657	978
657	708
657	673
657	694
658	715
658	815
658	876
658	761
659	693
659	681
659	786
659	928
659	769
660	862
660	718
660	972
661	919
661	676
661	693
661	974
662	706
662	797
662	679
662	786
662	851
662	937
663	725
663	673
664	819
664	821
664	760
664	804
664	677
664	927
664	770
664	938
665	859
665	738
665	853
665	729
665	777
665	870
665	848
666	883
666	895
666	686
666	784
666	772
667	771
667	888
667	937
667	926
667	796
667	744
668	897
668	812
668	891
668	893
668	879
668	979
669	885
669	714
669	767
669	881
669	858
669	716
669	953
670	960
670	886
671	904
671	719
671	964
671	831
671	894
671	879
671	811
671	908
672	793
672	927
672	922
672	971
672	943
672	834
672	920
672	695
673	717
673	962
673	875
673	811
673	987
674	679
674	732
674	963
674	987
674	928
675	762
676	826
676	818
676	768
676	824
677	824
677	865
677	882
677	940
677	758
677	740
678	818
678	904
678	681
678	682
678	686
679	727
679	825
679	760
679	995
679	785
679	962
680	793
680	954
680	917
680	794
681	927
681	736
681	983
681	955
682	902
682	754
682	942
682	917
683	890
683	897
683	906
683	713
684	907
684	986
684	997
684	793
684	836
684	956
684	783
684	987
685	747
685	756
685	843
685	837
685	810
685	981
685	885
685	915
686	834
686	698
686	734
686	728
686	946
686	908
686	888
686	963
687	815
687	777
687	913
687	714
687	716
688	874
688	984
688	849
689	793
689	882
689	917
689	771
689	698
689	936
690	793
690	969
690	709
690	740
690	912
690	945
690	698
690	852
691	753
691	954
692	833
692	859
692	858
692	965
692	761
692	853
692	715
692	870
693	753
693	822
694	749
694	975
694	978
694	962
694	821
695	698
695	966
695	788
695	753
695	772
695	824
696	824
696	942
696	712
697	944
697	914
697	938
698	802
699	778
699	819
699	924
699	730
699	893
699	931
700	881
700	981
700	701
700	715
700	792
701	862
701	741
701	981
701	801
701	837
702	916
702	805
703	961
703	905
703	949
703	993
703	991
704	870
704	833
704	989
704	756
704	861
704	892
705	977
705	937
705	816
705	825
705	839
705	774
706	943
706	947
706	961
706	901
706	742
707	984
707	884
707	898
707	739
707	713
707	874
708	825
708	823
708	877
708	967
708	957
709	891
709	799
709	942
709	914
709	794
709	851
709	869
709	834
709	956
709	789
709	711
710	902
710	898
710	849
710	751
711	719
712	804
712	952
712	996
713	768
713	740
714	880
714	981
714	721
714	738
714	844
714	868
715	989
715	859
715	998
716	968
716	843
717	897
717	813
717	921
717	932
717	957
717	725
718	756
718	939
718	903
718	741
719	754
719	984
719	889
719	724
719	914
720	911
720	753
720	822
720	857
720	897
720	749
720	905
720	828
721	756
721	930
721	892
721	972
721	953
721	747
722	819
722	967
722	882
723	992
723	967
723	898
723	743
724	999
724	941
724	993
724	917
725	902
725	726
725	804
726	731
726	893
726	910
726	899
726	850
726	872
727	785
728	758
728	850
728	855
729	761
729	915
729	862
729	871
730	969
730	755
731	782
731	980
732	869
732	827
732	774
733	793
733	923
733	891
733	935
734	889
734	828
734	753
734	763
735	856
735	979
737	933
737	780
737	866
737	987
738	853
738	765
738	756
738	838
739	910
739	995
739	745
739	855
740	912
741	968
741	965
741	861
742	921
742	952
742	982
742	852
742	854
742	938
742	995
742	882
742	979
742	808
743	782
743	893
743	951
743	900
744	978
745	854
745	926
745	869
745	760
746	977
746	897
746	995
746	901
746	849
746	999
747	862
747	885
747	775
747	861
747	881
747	989
748	816
749	751
749	897
750	816
750	760
750	783
750	936
751	780
751	950
751	984
751	879
752	772
752	839
753	821
753	827
753	926
753	914
754	932
754	978
754	995
755	961
755	813
755	959
755	806
755	867
756	881
756	792
757	961
757	909
757	866
757	832
757	957
757	955
758	985
758	822
758	975
758	836
758	950
758	773
759	811
759	971
759	760
759	852
759	799
759	974
761	846
761	798
761	930
761	892
762	907
762	839
763	951
763	796
763	906
763	940
763	911
764	817
765	801
765	885
765	809
765	862
766	895
766	961
766	888
766	947
767	777
767	843
767	844
767	972
767	861
768	890
769	991
769	812
769	847
769	907
769	805
770	893
770	822
770	944
771	796
772	793
772	962
772	842
772	982
773	778
773	877
773	864
773	969
774	950
774	834
774	946
775	870
775	868
775	801
775	809
775	858
775	862
776	908
777	939
777	913
777	815
778	813
778	899
778	897
778	842
779	792
779	809
779	853
780	786
780	969
780	999
781	865
781	967
781	786
781	984
781	808
782	978
782	835
782	824
782	990
783	999
783	786
783	854
783	828
783	839
784	819
784	812
785	829
786	923
786	932
786	787
787	864
787	872
787	893
787	822
787	951
788	966
788	805
788	936
788	932
789	841
789	818
789	884
790	907
790	906
790	957
791	930
791	848
791	798
791	815
791	810
792	862
792	833
792	881
793	959
794	983
794	906
794	916
794	799
795	805
796	836
796	921
796	839
796	828
796	856
796	910
797	826
797	962
797	845
797	808
797	931
797	909
797	904
797	945
798	800
799	931
799	920
799	841
799	925
799	912
799	812
800	988
800	809
800	853
800	844
800	881
800	892
800	838
802	926
803	852
803	884
803	977
804	817
804	945
804	827
804	916
804	856
804	855
805	813
805	914
805	814
805	893
806	894
806	925
807	999
807	919
807	901
807	922
808	996
808	975
809	876
809	862
810	915
810	934
812	973
812	937
813	865
813	869
814	910
815	913
815	833
815	870
816	979
816	961
816	895
817	897
817	936
817	863
817	937
817	977
817	834
818	954
819	831
819	877
819	995
820	978
820	937
820	902
820	855
821	966
821	886
822	936
822	923
822	855
823	828
823	983
824	865
824	839
824	904
825	835
825	933
825	890
825	907
826	908
826	932
826	886
826	936
826	943
826	922
826	951
827	973
827	975
827	869
827	982
828	905
828	996
829	864
829	874
829	961
829	877
829	835
830	926
830	869
830	957
830	841
831	887
832	856
832	975
832	947
832	943
832	929
832	995
833	870
833	853
833	972
833	862
834	901
834	966
834	899
835	901
835	922
836	855
836	990
837	871
838	862
838	871
838	958
839	900
839	960
840	921
840	919
840	951
840	877
842	997
842	874
842	931
842	891
843	918
843	859
844	939
845	951
845	908
846	934
846	939
846	972
847	974
847	850
847	906
848	859
848	880
849	900
850	985
850	921
850	888
851	887
851	896
851	914
851	973
852	949
852	941
852	909
852	955
853	862
853	930
853	965
854	864
854	863
854	879
854	860
855	878
856	860
857	984
858	958
858	870
858	881
858	880
859	903
859	981
859	953
859	880
860	877
861	981
861	958
861	876
863	986
863	895
864	932
864	949
864	927
864	865
865	967
865	959
865	942
867	938
867	973
867	926
867	907
868	876
868	968
869	917
871	903
871	885
871	948
871	881
872	960
872	936
873	975
874	980
874	933
877	979
877	977
878	937
879	938
879	887
880	965
880	881
881	934
881	913
882	959
882	945
882	884
884	941
885	953
885	968
886	992
887	975
887	928
887	931
887	962
888	967
888	996
889	902
889	986
889	908
890	996
891	914
893	983
893	946
893	900
894	921
894	962
894	899
895	978
896	996
896	932
897	967
898	899
898	919
899	904
899	938
900	914
901	945
902	931
903	913
904	941
904	935
905	987
905	935
905	929
905	928
906	945
909	943
910	974
911	944
911	935
912	947
912	982
913	972
915	968
915	918
918	948
919	946
920	946
922	994
923	994
924	966
925	940
926	946
927	955
928	962
928	967
929	961
929	957
929	955
930	965
931	947
933	938
933	992
933	937
934	958
935	993
936	955
937	997
937	980
937	938
938	980
938	999
939	953
940	986
941	990
944	970
944	952
945	985
949	967
949	970
954	987
955	997
957	997
961	976
962	971
962	982
963	992
964	970
966	974
967	978
974	985
975	990
976	992
978	994
981	998
982	983
985	992
986	991
987	994
991	995
